[gd_scene load_steps=7 format=3 uid="uid://x40o30p4e2wd"]

[ext_resource type="PackedScene" uid="uid://cltrig1jfofgf" path="res://character.tscn" id="2_f7w26"]
[ext_resource type="PackedScene" uid="uid://b1y2g435qlcrh" path="res://ui.tscn" id="3_t2i3t"]
[ext_resource type="PackedScene" uid="uid://cuoj7p5bkgmob" path="res://test_target.tscn" id="4_mvkov"]

[sub_resource type="ProceduralSkyMaterial" id="ProceduralSkyMaterial_0xqkr"]
sky_horizon_color = Color(0.64625, 0.65575, 0.67075, 1)
ground_horizon_color = Color(0.64625, 0.65575, 0.67075, 1)

[sub_resource type="Sky" id="Sky_p146c"]
sky_material = SubResource("ProceduralSkyMaterial_0xqkr")

[sub_resource type="Environment" id="Environment_158n2"]
background_mode = 2
sky = SubResource("Sky_p146c")
tonemap_mode = 2
glow_enabled = true

[node name="World" type="Node"]

[node name="WorldEnvironment" type="WorldEnvironment" parent="."]
environment = SubResource("Environment_158n2")

[node name="DirectionalLight3D" type="DirectionalLight3D" parent="."]
transform = Transform3D(-0.866023, -0.433016, 0.250001, 0, 0.499998, 0.866027, -0.500003, 0.749999, -0.43301, 0, 0, 0)
shadow_enabled = true

[node name="Character" parent="." instance=ExtResource("2_f7w26")]

[node name="UI" parent="." instance=ExtResource("3_t2i3t")]

[node name="TestTarget" parent="." instance=ExtResource("4_mvkov")]
transform = Transform3D(1, 0, 0, 0, 1, 0, 0, 0, 1, 3.24492, 0.5, -3.1723)

[node name="TestTarget2" parent="." instance=ExtResource("4_mvkov")]
transform = Transform3D(1, 0, 0, 0, 1, 0, 0, 0, 1, 5.61434, 0.5, -3.1723)

[node name="TestTarget3" parent="." instance=ExtResource("4_mvkov")]
transform = Transform3D(1, 0, 0, 0, 1, 0, 0, 0, 1, 9.25678, 0.5, -3.1723)

[node name="TestTarget4" parent="." instance=ExtResource("4_mvkov")]
transform = Transform3D(1, 0, 0, 0, 1, 0, 0, 0, 1, 12.3202, 0.5, -3.1723)

[node name="TestTarget5" parent="." instance=ExtResource("4_mvkov")]
transform = Transform3D(1, 0, 0, 0, 1, 0, 0, 0, 1, 15.2223, 0.5, -3.1723)

[node name="TestTarget6" parent="." instance=ExtResource("4_mvkov")]
transform = Transform3D(1, 0, 0, 0, 1, 0, 0, 0, 1, 3.24492, 0.5, -6.00073)

[node name="TestTarget7" parent="." instance=ExtResource("4_mvkov")]
transform = Transform3D(1, 0, 0, 0, 1, 0, 0, 0, 1, 5.61434, 0.5, -6.00073)

[node name="TestTarget8" parent="." instance=ExtResource("4_mvkov")]
transform = Transform3D(1, 0, 0, 0, 1, 0, 0, 0, 1, 9.25678, 0.5, -6.00073)

[node name="TestTarget9" parent="." instance=ExtResource("4_mvkov")]
transform = Transform3D(1, 0, 0, 0, 1, 0, 0, 0, 1, 12.3202, 0.5, -6.00073)

[node name="TestTarget10" parent="." instance=ExtResource("4_mvkov")]
transform = Transform3D(1, 0, 0, 0, 1, 0, 0, 0, 1, 15.2223, 0.5, -6.00073)

[node name="TestTarget11" parent="." instance=ExtResource("4_mvkov")]
transform = Transform3D(1, 0, 0, 0, 1, 0, 0, 0, 1, 3.24492, 0.5, -8.85944)

[node name="TestTarget12" parent="." instance=ExtResource("4_mvkov")]
transform = Transform3D(1, 0, 0, 0, 1, 0, 0, 0, 1, 5.61434, 0.5, -8.85944)

[node name="TestTarget13" parent="." instance=ExtResource("4_mvkov")]
transform = Transform3D(1, 0, 0, 0, 1, 0, 0, 0, 1, 9.25678, 0.5, -8.85944)

[node name="TestTarget14" parent="." instance=ExtResource("4_mvkov")]
transform = Transform3D(1, 0, 0, 0, 1, 0, 0, 0, 1, 12.3202, 0.5, -8.85944)

[node name="TestTarget15" parent="." instance=ExtResource("4_mvkov")]
transform = Transform3D(1, 0, 0, 0, 1, 0, 0, 0, 1, 15.2223, 0.5, -8.85944)

[node name="TestTarget16" parent="." instance=ExtResource("4_mvkov")]
transform = Transform3D(1, 0, 0, 0, 1, 0, 0, 0, 1, 3.24492, 0.5, -11.6213)

[node name="TestTarget17" parent="." instance=ExtResource("4_mvkov")]
transform = Transform3D(1, 0, 0, 0, 1, 0, 0, 0, 1, 5.61434, 0.5, -11.6213)

[node name="TestTarget18" parent="." instance=ExtResource("4_mvkov")]
transform = Transform3D(1, 0, 0, 0, 1, 0, 0, 0, 1, 9.25678, 0.5, -11.6213)

[node name="TestTarget19" parent="." instance=ExtResource("4_mvkov")]
transform = Transform3D(1, 0, 0, 0, 1, 0, 0, 0, 1, 12.3202, 0.5, -11.6213)

[node name="TestTarget20" parent="." instance=ExtResource("4_mvkov")]
transform = Transform3D(1, 0, 0, 0, 1, 0, 0, 0, 1, 15.2223, 0.5, -11.6213)

[node name="TestTarget21" parent="." instance=ExtResource("4_mvkov")]
transform = Transform3D(1, 0, 0, 0, 1, 0, 0, 0, 1, 3.24492, 0.5, -14.0082)

[node name="TestTarget22" parent="." instance=ExtResource("4_mvkov")]
transform = Transform3D(1, 0, 0, 0, 1, 0, 0, 0, 1, 5.61434, 0.5, -14.0082)

[node name="TestTarget23" parent="." instance=ExtResource("4_mvkov")]
transform = Transform3D(1, 0, 0, 0, 1, 0, 0, 0, 1, 9.25678, 0.5, -14.0082)

[node name="TestTarget24" parent="." instance=ExtResource("4_mvkov")]
transform = Transform3D(1, 0, 0, 0, 1, 0, 0, 0, 1, 12.3202, 0.5, -14.0082)

[node name="TestTarget25" parent="." instance=ExtResource("4_mvkov")]
transform = Transform3D(1, 0, 0, 0, 1, 0, 0, 0, 1, 15.2223, 0.5, -14.0082)

[node name="TestTarget26" parent="." instance=ExtResource("4_mvkov")]
transform = Transform3D(0.684153, 0, -0.729339, 0, 1, 0, 0.729339, 0, 0.684153, -17.3815, 0.5, 22.0844)

[node name="TestTarget27" parent="." instance=ExtResource("4_mvkov")]
transform = Transform3D(0.684153, 0, -0.729339, 0, 1, 0, 0.729339, 0, 0.684153, -15.7605, 0.5, 23.8125)

[node name="TestTarget28" parent="." instance=ExtResource("4_mvkov")]
transform = Transform3D(0.684153, 0, -0.729339, 0, 1, 0, 0.729339, 0, 0.684153, -13.2685, 0.5, 26.4691)

[node name="TestTarget29" parent="." instance=ExtResource("4_mvkov")]
transform = Transform3D(0.684153, 0, -0.729339, 0, 1, 0, 0.729339, 0, 0.684153, -11.1727, 0.5, 28.7034)

[node name="TestTarget30" parent="." instance=ExtResource("4_mvkov")]
transform = Transform3D(0.684153, 0, -0.729339, 0, 1, 0, 0.729339, 0, 0.684153, -9.18719, 0.5, 30.82)
